     0/199     1.95G   0.08925   0.03874   0.02572    0.1537        24       640    0.9032    0.4602    0.4641    0.2493   0.03558   0.02518  0.009196
     1/199      3.1G    0.0569   0.03116   0.01341    0.1015        18       640    0.6452    0.8636    0.7089    0.3168   0.02822    0.0136  0.002817
     2/199      3.1G    0.0544    0.0207  0.006183   0.08129        27       640    0.5555    0.7802    0.7424    0.3894   0.03939   0.01013  0.002186
     3/199      3.1G   0.05305   0.01743  0.003882   0.07436        23       640    0.8018    0.8334    0.9107    0.4865   0.03219  0.008932  0.001705
     4/199      3.1G   0.04732   0.01541  0.003008   0.06574        16       640    0.8865    0.8053    0.9115    0.5146   0.02819  0.007603  0.001378
     5/199      3.1G   0.04419   0.01453  0.002747   0.06146        29       640    0.9647     0.928    0.9887    0.6529   0.02224   0.00692  0.001212
     6/199      3.1G   0.04201   0.01373  0.002532   0.05828        24       640    0.8697    0.9192    0.9737    0.6386   0.02507  0.006373  0.001275
     7/199      3.1G   0.04149   0.01293   0.00246   0.05688        23       640    0.7086    0.9646    0.8946    0.4908   0.03106  0.006149    0.0013
     8/199      3.1G   0.03983   0.01266  0.002576   0.05507        30       640    0.9235    0.9848    0.9526    0.7423   0.02011  0.005611  0.001216
     9/199      3.1G   0.03924   0.01254  0.002706   0.05449        17       640    0.8589    0.9596     0.932    0.6143   0.02932   0.00588  0.001371
    10/199      3.1G   0.03604   0.01191  0.002318   0.05027        27       640     0.808    0.9672    0.9709     0.668   0.01923  0.005583  0.001101
    11/199      3.1G   0.03394   0.01126  0.002146   0.04735        13       640    0.9852    0.9294    0.9847    0.7433   0.01682  0.005237  0.001258
    12/199      3.1G   0.03464   0.01084  0.002023    0.0475        18       640    0.9156    0.9658    0.9826    0.6063   0.02524  0.005444  0.001009
    13/199      3.1G   0.03577   0.01125  0.002179    0.0492        28       640    0.9755    0.9773    0.9909    0.7783    0.0153  0.004939  0.001402
    14/199      3.1G   0.03275   0.01078  0.002085   0.04562        18       640    0.9853     0.953    0.9886    0.7595   0.01633  0.005128  0.001033
    15/199      3.1G   0.03181   0.01059  0.001848   0.04425        25       640    0.9729    0.9569    0.9862    0.8465   0.01417  0.004596  0.001034
    16/199      3.1G   0.03056   0.01063  0.001597   0.04279        21       640    0.9883    0.9748    0.9848    0.7029   0.01501  0.004851 0.0009185
    17/199      3.1G   0.02839  0.009858  0.001483   0.03973        35       640     0.983    0.9986    0.9938    0.8509   0.01272  0.004367 0.0009305
    18/199      3.1G   0.02658   0.01045  0.001378   0.03841        27       640    0.9665    0.9848    0.9895    0.8354   0.01537  0.004428 0.0009264
    19/199      3.1G   0.02624  0.009388  0.001265   0.03689        21       640    0.9928    0.9773    0.9886    0.8374    0.0129  0.004349 0.0007953
    20/199      3.1G    0.0236  0.009448  0.001126   0.03417        24       640    0.9801    0.9938    0.9896    0.8018   0.01245  0.004266 0.0007686
    21/199      3.1G   0.02286  0.009089  0.001035   0.03299        23       640    0.9892    0.9823    0.9901    0.8501   0.01105  0.004065 0.0007628
    22/199      3.1G   0.02252  0.009192  0.001121   0.03284        16       640    0.9905    0.9924    0.9908     0.863   0.01019  0.003919 0.0007199
    23/199      3.1G   0.02242  0.008733 0.0009318   0.03208        20       640    0.9943    0.9797    0.9888    0.8292   0.01082  0.004127 0.0008302
    24/199      3.1G   0.02173  0.009038  0.001051   0.03182        22       640    0.9927    0.9773    0.9878    0.8221   0.01188  0.003896 0.0006193
    25/199      3.1G   0.02094  0.008369  0.000955   0.03027        19       640    0.9636    0.9747    0.9805    0.8738   0.01082  0.004386 0.0005567
    26/199      3.1G   0.02259  0.008841 0.0009459   0.03238        28       640    0.9851    0.9933    0.9897    0.8758   0.01078  0.003955 0.0006387
    27/199      3.1G   0.02135  0.008931 0.0008704   0.03115        23       640    0.9796    0.9948     0.991    0.9014  0.008931  0.003637 0.0005511
    28/199      3.1G   0.01967    0.0083    0.0007   0.02867        17       640    0.9853    0.9899    0.9909    0.8936  0.009788  0.003521  0.000551
    29/199      3.1G    0.0194  0.008142 0.0008304   0.02837        21       640    0.9898    0.9828     0.988    0.8837  0.009879  0.003811 0.0005062
    30/199      3.1G   0.01931  0.008316  0.000775   0.02841        26       640    0.9819    0.9899      0.99     0.889  0.007729  0.003537 0.0004199
    31/199      3.1G   0.01919  0.007837 0.0007734    0.0278        17       640    0.9881    0.9874    0.9915    0.8389   0.00912  0.003419  0.000454
    32/199      3.1G   0.01927  0.007861 0.0007437   0.02787        18       640     0.989    0.9848    0.9904    0.9157  0.007871  0.003191 0.0005472
    33/199      3.1G   0.01786  0.007615 0.0006742   0.02615        18       640    0.9899    0.9891    0.9905    0.9238  0.008509  0.003448 0.0004515
    34/199      3.1G   0.01818  0.008022 0.0006712   0.02688        20       640    0.9898    0.9848    0.9875    0.8978  0.008882  0.003364 0.0004556
    35/199      3.1G   0.01829  0.007629 0.0007598   0.02668        18       640    0.9899    0.9871    0.9911    0.9157  0.008286  0.003248 0.0004512
    36/199      3.1G    0.0172  0.007573 0.0006371   0.02541        24       640    0.9881    0.9899    0.9908    0.9211  0.007395  0.003199 0.0004793
    37/199      3.1G    0.0165  0.007734 0.0006491   0.02488        21       640    0.9879    0.9848    0.9886    0.8984  0.008579  0.003191 0.0004045
    38/199      3.1G   0.01809  0.007663  0.000579   0.02633        18       640    0.9898    0.9746    0.9779    0.8797  0.008623  0.003431 0.0004648
    39/199      3.1G    0.0166   0.00734 0.0006173   0.02455        28       640    0.9849    0.9848    0.9842    0.8925  0.007353  0.003124 0.0004113
    40/199      3.1G   0.01705  0.007543 0.0006186   0.02521        25       640    0.9874    0.9824    0.9883     0.908  0.009296  0.003306 0.0003649
    41/199      3.1G   0.01665   0.00744 0.0005999   0.02469        27       640    0.9833    0.9949    0.9913    0.9043  0.007244  0.003067 0.0004773
    42/199      3.1G   0.01638  0.007526 0.0006569   0.02456        25       640    0.9875    0.9933    0.9908     0.933  0.006441  0.002869 0.0003733
    43/199      3.1G   0.01627  0.007492 0.0005834   0.02434        29       640    0.9898    0.9838    0.9863    0.9028  0.007367  0.003073  0.000439
    44/199      3.1G   0.01726  0.007655 0.0006132   0.02553        22       640    0.9826    0.9941    0.9913    0.9088  0.008204  0.003078 0.0004227
    45/199      3.1G    0.0155  0.007008 0.0005451   0.02306        24       640    0.9888    0.9949    0.9903     0.923  0.006771  0.002986 0.0003923
    46/199      3.1G    0.0158   0.00737 0.0005169   0.02369        19       640    0.9889    0.9848    0.9885    0.9255  0.006148  0.002891 0.0004141
    47/199      3.1G   0.01638   0.00725 0.0005061   0.02413        20       640    0.9898    0.9827    0.9861     0.904  0.006723  0.003013 0.0004299
    48/199      3.1G   0.01549  0.006674 0.0005163   0.02268        32       640    0.9869    0.9949    0.9915    0.9184  0.006664  0.002945 0.0003799
    49/199      3.1G   0.01588  0.007232 0.0004905   0.02361        21       640    0.9892    0.9899    0.9898    0.9356  0.006535  0.002825 0.0003673
    50/199      3.1G   0.01569  0.007135  0.000478    0.0233        30       640    0.9887    0.9949    0.9901     0.935  0.005855  0.002646 0.0003759
    51/199      3.1G   0.01482  0.006743 0.0005006   0.02206        19       640     0.989    0.9899    0.9884    0.9379  0.006885  0.002812 0.0003341
    52/199      3.1G   0.01496  0.006954 0.0004841    0.0224        34       640     0.985    0.9947    0.9921    0.9215  0.007037  0.002859 0.0004107
    53/199      3.1G   0.01413  0.006751  0.000471   0.02136        24       640    0.9898    0.9874    0.9916    0.9159  0.006554     0.003 0.0002858
    54/199      3.1G   0.01453  0.006797 0.0004793   0.02181        22       640     0.983    0.9949    0.9913    0.9109  0.006769  0.002911 0.0003904
    55/199      3.1G   0.01537  0.006864 0.0004505   0.02268        27       640     0.988    0.9848    0.9907    0.9236  0.006155  0.003041 0.0003451
    56/199      3.1G   0.01442  0.006686 0.0004427   0.02155        32       640    0.9882    0.9899    0.9883    0.9336  0.005892  0.002747 0.0002734
    57/199      3.1G   0.01486   0.00688 0.0005423   0.02228        24       640    0.9876    0.9899    0.9886    0.9339  0.006674  0.002643 0.0002861
    58/199      3.1G   0.01499  0.007121 0.0004628   0.02257        25       640    0.9884    0.9798    0.9862    0.9228  0.007296  0.002863 0.0003365
    59/199      3.1G   0.01441  0.006951 0.0005377    0.0219        23       640    0.9828    0.9899    0.9907    0.9396  0.005851  0.002717 0.0003016
    60/199      3.1G   0.01397  0.006917 0.0005056   0.02139        27       640    0.9829    0.9899    0.9911    0.9409  0.005946  0.002643 0.0003937
    61/199      3.1G    0.0137   0.00692 0.0004387   0.02106        29       640    0.9892    0.9899    0.9912    0.9434  0.005279  0.002539 0.0002842
    62/199      3.1G   0.01407  0.006486 0.0004649   0.02103        16       640    0.9875    0.9931    0.9917    0.9411  0.005688  0.002583 0.0003749
    63/199      3.1G   0.01417  0.006546 0.0003683   0.02109        23       640    0.9895    0.9899    0.9856    0.9351  0.006238  0.002763 0.0002508
    64/199      3.1G   0.01362  0.006765 0.0004376   0.02082        17       640     0.986    0.9899    0.9916     0.948  0.006378  0.002633 0.0002967
    65/199      3.1G   0.01331  0.006715 0.0004202   0.02045        20       640    0.9805    0.9949    0.9912    0.9426  0.006118  0.002605 0.0002905
    66/199      3.1G   0.01331  0.006251 0.0004514   0.02001        13       640    0.9899    0.9894    0.9918      0.94  0.005601  0.002627 0.0002926
    67/199      3.1G    0.0135  0.006501 0.0004469   0.02045        16       640    0.9914    0.9849    0.9906    0.9401  0.005473  0.002581 0.0003102
    68/199      3.1G   0.01402  0.006935 0.0003884   0.02135        20       640    0.9818    0.9899    0.9906    0.9452   0.00536  0.002611 0.0003013
    69/199      3.1G   0.01298  0.006197 0.0003667   0.01955        27       640    0.9874    0.9866    0.9879    0.9502  0.005637  0.002624   0.00026
    70/199      3.1G   0.01275  0.006572 0.0003871   0.01971        18       640    0.9942    0.9798    0.9917    0.9317  0.005766  0.002478 0.0002547
    71/199      3.1G   0.01264  0.006308 0.0003703   0.01932        29       640    0.9905    0.9848    0.9886    0.9506  0.004931   0.00261 0.0002851
    72/199      3.1G   0.01304  0.006595 0.0003679      0.02        22       640    0.9879    0.9899    0.9918    0.9577  0.005693  0.002456  0.000289
    73/199      3.1G   0.01298  0.006324 0.0003871   0.01969        23       640    0.9818    0.9899    0.9887    0.9538  0.005534  0.002447 0.0002895
    74/199      3.1G   0.01313  0.006642 0.0003412   0.02011        21       640     0.985    0.9886    0.9915    0.9493  0.005205  0.002383 0.0002584
    75/199      3.1G   0.01263  0.006548 0.0003726   0.01955        18       640    0.9884    0.9848     0.988    0.9582  0.005421   0.00255 0.0002476
    76/199      3.1G   0.01276  0.006399 0.0003487   0.01951        23       640    0.9865    0.9899    0.9912     0.963  0.004563  0.002433 0.0003155
    77/199      3.1G   0.01256  0.006386 0.0003576   0.01931        30       640    0.9887    0.9899    0.9914     0.945  0.005355  0.002478 0.0002549
    78/199      3.1G     0.013  0.006506 0.0003595   0.01986        21       640    0.9941    0.9773    0.9886    0.9405  0.005399  0.002661  0.000232
    79/199      3.1G   0.01237  0.005911  0.000338   0.01862        20       640    0.9876    0.9874    0.9887    0.9526  0.005286  0.002694 0.0003136
    80/199      3.1G   0.01218  0.006161 0.0003238   0.01867        23       640    0.9893    0.9823    0.9913    0.9552  0.004774  0.002489 0.0002462
    81/199      3.1G   0.01232   0.00629 0.0003516   0.01896        29       640    0.9883    0.9899    0.9921     0.943  0.006054   0.00277 0.0002618
    82/199      3.1G   0.01182  0.006548 0.0003116   0.01868        30       640    0.9899    0.9895     0.992    0.9615  0.005424  0.002354 0.0002684
    83/199      3.1G   0.01204  0.006078 0.0003473   0.01846        25       640    0.9897    0.9798    0.9913    0.9501  0.004853  0.002512 0.0002643
    84/199      3.1G   0.01225  0.006313 0.0003474   0.01891        24       640    0.9887    0.9949    0.9911    0.9553  0.004584  0.002327 0.0002287
    85/199      3.1G   0.01191  0.006491 0.0003167   0.01872        21       640    0.9875    0.9949    0.9916    0.9422  0.004956  0.002301  0.000252
    86/199      3.1G   0.01177   0.00593 0.0002995     0.018        21       640    0.9887    0.9949    0.9921    0.9481  0.005044  0.002287  0.000193
    87/199      3.1G   0.01153  0.005898 0.0003086   0.01774        26       640    0.9887    0.9949    0.9917    0.9538  0.005193  0.002349 0.0002201
    88/199      3.1G    0.0121  0.006153 0.0003028   0.01856        23       640    0.9882    0.9949     0.992    0.9559  0.004678  0.002313 0.0002435
    89/199      3.1G   0.01179  0.005834 0.0002997   0.01793        24       640    0.9885    0.9949    0.9922    0.9557  0.005155  0.002315 0.0001852
    90/199      3.1G   0.01205  0.006412 0.0003401   0.01881        31       640    0.9921    0.9848    0.9914    0.9554   0.00462  0.002196 0.0002509
    91/199      3.1G   0.01167  0.005958 0.0003301   0.01796        16       640    0.9888    0.9899    0.9918    0.9616  0.004742  0.002227 0.0002363
    92/199      3.1G   0.01218  0.006046 0.0003224   0.01855        31       640    0.9858    0.9949    0.9912    0.9572  0.004405   0.00214  0.000192
    93/199      3.1G   0.01062  0.006125  0.000268   0.01702        23       640    0.9847    0.9949     0.992    0.9603  0.004528  0.002228 0.0001909
    94/199      3.1G   0.01054  0.005763 0.0003144   0.01662        29       640    0.9888    0.9899     0.988    0.9603  0.004627   0.00227  0.000209
    95/199      3.1G   0.01103  0.005897   0.00029   0.01721        23       640    0.9874    0.9899    0.9905    0.9601  0.004489  0.002232 0.0002268
    96/199      3.1G   0.01079  0.005783 0.0002941   0.01687        31       640    0.9846    0.9899    0.9911    0.9689   0.00469  0.002225 0.0001911
    97/199      3.1G   0.01091  0.006075  0.000265   0.01725        26       640    0.9911    0.9899    0.9918    0.9577  0.004371  0.002132  0.000231
    98/199      3.1G   0.01079  0.005483 0.0003195   0.01659        24       640    0.9896    0.9848    0.9917    0.9599  0.004557  0.002132  0.000202
    99/199      3.1G   0.01116  0.005891 0.0002646   0.01732        20       640    0.9857    0.9949    0.9899    0.9581  0.004405  0.002229 0.0001941
   100/199      3.1G   0.01052  0.005647 0.0002999   0.01647        33       640    0.9899    0.9897    0.9882    0.9638  0.004277  0.002152  0.000191
   101/199      3.1G   0.01092  0.005768 0.0002444   0.01693        17       640    0.9887    0.9848     0.992    0.9648  0.004244  0.002179 0.0001744
   102/199      3.1G   0.01133  0.005712 0.0003273   0.01737        26       640    0.9953     0.982    0.9922    0.9532  0.004854  0.002336 0.0002232
   103/199      3.1G   0.01026  0.005923 0.0002632   0.01644        25       640    0.9924     0.989    0.9917    0.9673  0.004267  0.002111 0.0001856
   104/199      3.1G    0.0107  0.005522 0.0002523   0.01647        24       640    0.9898    0.9849    0.9919    0.9676  0.004138  0.002077 0.0001564
   105/199      3.1G   0.01033  0.005654 0.0002423   0.01623        22       640    0.9899     0.987    0.9921    0.9671  0.004275  0.002155 0.0001926
   106/199      3.1G   0.01045  0.005683 0.0002767   0.01641        19       640    0.9874    0.9878    0.9916     0.962  0.004287   0.00225 0.0001854
   107/199      3.1G   0.01074  0.005781 0.0002184   0.01674        17       640    0.9924    0.9877    0.9915    0.9695  0.004362  0.002089 0.0001693
   108/199      3.1G   0.01045  0.005768 0.0002827    0.0165        25       640    0.9883    0.9949    0.9914    0.9701  0.004136   0.00202 0.0002039
   109/199      3.1G   0.01019  0.005652 0.0002641   0.01611        15       640      0.99    0.9929    0.9921    0.9705  0.004098  0.002085 0.0001844
   110/199      3.1G   0.01023  0.005625 0.0002415   0.01609        17       640    0.9886    0.9949    0.9921    0.9614  0.004533   0.00219 0.0001713
   111/199      3.1G   0.01034  0.005663 0.0002401   0.01624        27       640     0.983    0.9949    0.9914     0.969  0.004101  0.002094 0.0001708
   112/199      3.1G   0.01046  0.005496 0.0002337   0.01619        39       640     0.989    0.9949    0.9924    0.9685  0.004011  0.002077 0.0001635
   113/199      3.1G   0.01054  0.005839 0.0002214    0.0166        25       640    0.9905    0.9848    0.9917    0.9687  0.004251  0.002114 0.0001754
   114/199      3.1G   0.01058  0.005693 0.0002356   0.01651        21       640    0.9923      0.98    0.9899    0.9654    0.0042   0.00211 0.0001848
   115/199      3.1G  0.009887  0.005396 0.0002362   0.01552        24       640    0.9909    0.9848    0.9912    0.9669  0.004059   0.00203 0.0001645
   116/199      3.1G   0.01021   0.00586 0.0002234    0.0163        19       640    0.9896    0.9899     0.992    0.9682  0.004007  0.002046  0.000156
   117/199      3.1G   0.01014  0.005317 0.0002222   0.01567        14       640    0.9923    0.9848    0.9888    0.9685  0.004009  0.002113 0.0001543
   118/199      3.1G   0.01035  0.005553 0.0002139   0.01612        30       640    0.9882    0.9874    0.9919    0.9609  0.003946  0.002068 0.0001573
   119/199      3.1G  0.009132  0.005318 0.0002635   0.01471        21       640    0.9924    0.9878    0.9905    0.9655  0.003979  0.002085  0.000168
   120/199      3.1G  0.008846  0.005436 0.0002194    0.0145        22       640     0.988    0.9899    0.9915    0.9686  0.003827  0.001959 0.0001582
   121/199      3.1G  0.009771  0.005309 0.0002158    0.0153        23       640    0.9847    0.9898    0.9918    0.9677  0.004069  0.002024 0.0001543
   122/199      3.1G  0.009418  0.005207 0.0002114   0.01484        29       640     0.992    0.9848    0.9913    0.9614  0.004024  0.002004 0.0001667
   123/199      3.1G   0.00912  0.005372 0.0002167   0.01471        24       640    0.9923    0.9844    0.9919    0.9733  0.003737   0.00201 0.0001429
   124/199      3.1G  0.008927  0.005138 0.0002566   0.01432        22       640    0.9833    0.9949    0.9924    0.9638  0.004088  0.002057 0.0001422
   125/199      3.1G  0.009321  0.005254 0.0002823   0.01486        26       640    0.9855    0.9949    0.9924    0.9763  0.003973  0.001969  0.000167
   126/199      3.1G  0.009428  0.005339 0.0002969   0.01506        32       640    0.9877    0.9899    0.9922    0.9756  0.003796   0.00193 0.0001212
   127/199      3.1G   0.00934  0.005402 0.0002134   0.01496        27       640    0.9893    0.9899    0.9921    0.9715  0.003859  0.001958 0.0001224
   128/199      3.1G  0.009531  0.005245 0.0002353   0.01501        18       640    0.9911    0.9949    0.9923    0.9653  0.004149  0.002122 0.0001736
   129/199      3.1G  0.009049  0.005202 0.0001894   0.01444        30       640     0.987    0.9899    0.9922    0.9736  0.003826  0.001968 0.0001383
   130/199      3.1G  0.009329   0.00518 0.0002592   0.01477        20       640    0.9915    0.9874    0.9921    0.9685  0.003845  0.001999 0.0001336
   131/199      3.1G  0.009089  0.005303 0.0001825   0.01458        29       640    0.9814    0.9949    0.9922    0.9733  0.003653  0.001995 0.0001149
   132/199      3.1G  0.008919  0.005108 0.0001962   0.01422        25       640    0.9866    0.9899     0.992    0.9733  0.003838  0.002041 0.0001397
   133/199      3.1G    0.0085  0.004962 0.0001961   0.01366        19       640    0.9809    0.9949    0.9923    0.9736  0.003737  0.002021 0.0001391
   134/199      3.1G  0.008741  0.005214 0.0001847   0.01414        23       640    0.9897    0.9848    0.9921    0.9739  0.003743   0.00191 0.0001409
   135/199      3.1G  0.009252  0.005229 0.0001911   0.01467        27       640    0.9975    0.9797    0.9919    0.9691   0.00382  0.001947  0.000127
   136/199      3.1G  0.008672  0.005062 0.0001871   0.01392        30       640    0.9921    0.9848    0.9921    0.9748  0.003689  0.001862 0.0001294
   137/199      3.1G   0.00854  0.005064 0.0001684   0.01377        24       640    0.9924    0.9874    0.9923    0.9759  0.003706  0.001868  0.000116
   138/199      3.1G   0.00914  0.005097 0.0001756   0.01441        24       640    0.9969    0.9777    0.9921    0.9751  0.003946  0.001906 0.0001186
   139/199      3.1G  0.008245  0.004941 0.0001786   0.01336        26       640    0.9916    0.9848    0.9921    0.9698  0.003672  0.001857 0.0001253
   140/199      3.1G  0.008613  0.005277 0.0001572   0.01405        24       640    0.9883    0.9848     0.992    0.9738  0.003779  0.001898 0.0001269
   141/199      3.1G  0.008744  0.005179 0.0001749    0.0141        22       640    0.9863    0.9899    0.9919    0.9728  0.003541  0.001855 0.0001256
   142/199      3.1G  0.008717  0.005068 0.0001508   0.01394        20       640    0.9894    0.9899    0.9923    0.9775  0.003721  0.001892 0.0001023
   143/199      3.1G  0.008537  0.005217 0.0001713   0.01393        20       640    0.9915    0.9899    0.9923    0.9757  0.003573  0.001852 0.0001206
   144/199      3.1G  0.007999  0.004783 0.0001604   0.01294        22       640    0.9901    0.9899    0.9923    0.9768  0.003812  0.001889 0.0001083
   145/199      3.1G  0.008372  0.004682 0.0001588   0.01321        29       640    0.9908    0.9899    0.9923    0.9744  0.003493  0.001883 0.0001123
   146/199      3.1G  0.008319  0.005082 0.0001885   0.01359        31       640    0.9879    0.9949    0.9925     0.975  0.003523  0.001739 0.0001341
   147/199      3.1G  0.008032  0.004589 0.0001687   0.01279        19       640    0.9917    0.9899    0.9924    0.9753  0.003621  0.001792 0.0001148
   148/199      3.1G  0.008209  0.004975 0.0001588   0.01334        32       640     0.991    0.9899    0.9924    0.9795  0.003686  0.001894 0.0001045
   149/199      3.1G  0.008337  0.004805 0.0001478   0.01329        24       640    0.9917    0.9899    0.9923    0.9772  0.003483  0.001852 0.0001065
   150/199      3.1G  0.008081  0.004962 0.0001402   0.01318        15       640    0.9924    0.9877    0.9924    0.9726  0.003651  0.001931 0.0001055
   151/199      3.1G  0.008356  0.004899 0.0001602   0.01342        17       640    0.9902    0.9949     0.992    0.9767   0.00345  0.001747 0.0001121
   152/199      3.1G  0.007827  0.004595 0.0001449   0.01257        21       640    0.9909    0.9899    0.9925    0.9769  0.003433  0.001817 0.0001088
   153/199      3.1G  0.008141  0.004874  0.000151   0.01317        27       640     0.988    0.9949    0.9925    0.9761  0.003486  0.001788 0.0001068
   154/199      3.1G  0.008047  0.004956 0.0001325   0.01314        24       640    0.9872    0.9949    0.9921    0.9773  0.003605  0.001861 9.619e-05
   155/199      3.1G  0.008137  0.004826 0.0001327    0.0131        18       640    0.9862    0.9949    0.9924    0.9683  0.003625  0.001928 9.539e-05
   156/199      3.1G  0.007437  0.004621 0.0001329   0.01219        18       640    0.9877    0.9949    0.9924    0.9772   0.00351  0.001792  9.67e-05
   157/199      3.1G  0.008289  0.004947 0.0001344   0.01337        20       640    0.9875    0.9948    0.9925    0.9741  0.003476  0.001761 9.803e-05
   158/199      3.1G  0.007618  0.004599 0.0001288   0.01235        25       640    0.9886    0.9949    0.9925    0.9729  0.003472  0.001798 9.321e-05
   159/199      3.1G   0.00772  0.004782 0.0001258   0.01263        16       640    0.9881    0.9899    0.9924    0.9735  0.003513  0.001776 9.146e-05
   160/199      3.1G  0.007748  0.004934 0.0001238   0.01281        21       640    0.9881    0.9949    0.9926    0.9728  0.003568  0.001826  9.39e-05
   161/199      3.1G  0.007393  0.004729 0.0001355   0.01226        28       640    0.9881    0.9949    0.9924    0.9742  0.003447  0.001837 9.816e-05
   162/199      3.1G   0.00727  0.004613  0.000121     0.012        22       640    0.9878    0.9949    0.9924    0.9706  0.003549  0.001712 8.915e-05
   163/199      3.1G  0.007471  0.004646 0.0001249   0.01224        29       640    0.9883    0.9949    0.9923    0.9761  0.003502  0.001743 9.062e-05
   164/199      3.1G   0.00759  0.004868  0.000125   0.01258        22       640    0.9899    0.9892    0.9925    0.9767  0.003471  0.001751 8.596e-05
   165/199      3.1G  0.007643  0.004731 0.0001165   0.01249        22       640    0.9883    0.9899    0.9911    0.9737  0.003427  0.001767 8.519e-05
   166/199      3.1G  0.007603  0.004816  0.000119   0.01254        26       640    0.9876    0.9949    0.9924    0.9777  0.003446  0.001754  8.16e-05
   167/199      3.1G  0.007804  0.004419 0.0001163   0.01234        20       640     0.989    0.9899    0.9923    0.9793  0.003503  0.001756 7.903e-05
   168/199      3.1G  0.007386  0.004623 0.0001123   0.01212        20       640    0.9907    0.9899    0.9923     0.971   0.00339  0.001778 8.271e-05
   169/199      3.1G  0.007343  0.004783 0.0001162   0.01224        23       640    0.9877    0.9949    0.9922    0.9733  0.003403  0.001784 8.655e-05
   170/199      3.1G  0.007118  0.004601 0.0001202   0.01184        18       640    0.9921    0.9899    0.9921    0.9745  0.003374   0.00166 8.457e-05
   171/199      3.1G  0.007218  0.004494 0.0001072   0.01182        20       640      0.99    0.9899    0.9922    0.9761  0.003395  0.001815 7.698e-05
   172/199      3.1G   0.00743  0.004689 0.0001072   0.01223        31       640    0.9884    0.9899    0.9923    0.9766  0.003349  0.001702 7.401e-05
   173/199      3.1G  0.007299  0.004424   0.00011   0.01183        22       640    0.9884    0.9899    0.9923    0.9749  0.003376   0.00177 8.134e-05
   174/199      3.1G  0.007515  0.004588 0.0002263   0.01233        28       640    0.9891    0.9899    0.9922    0.9741  0.003415  0.001791 8.064e-05
   175/199      3.1G  0.007623  0.004534 0.0001114   0.01227        28       640    0.9899    0.9899    0.9924    0.9761  0.003341  0.001765 7.382e-05
   176/199      3.1G  0.007401  0.004696 0.0001066    0.0122        27       640      0.99    0.9899    0.9923    0.9754  0.003391  0.001727  7.31e-05
   177/199      3.1G  0.007358  0.004613 0.0001061   0.01208        29       640    0.9899    0.9877    0.9923    0.9744  0.003388  0.001773 7.138e-05
   178/199      3.1G  0.007622  0.004546 0.0001008   0.01227        15       640    0.9875    0.9898    0.9923     0.977  0.003365   0.00183 7.157e-05
   179/199      3.1G  0.007264  0.004609  0.000104   0.01198        27       640    0.9899    0.9876    0.9894    0.9736  0.003373    0.0017 7.381e-05
   180/199      3.1G  0.007082  0.004392 0.0001042   0.01158        32       640    0.9875    0.9885    0.9922     0.973   0.00361  0.001763  7.59e-05
   181/199      3.1G  0.007776   0.00462 9.984e-05    0.0125        26       640    0.9876    0.9899    0.9895    0.9723  0.003355  0.001723 6.996e-05
   182/199      3.1G  0.007446  0.004493 9.779e-05   0.01204        21       640    0.9851    0.9949    0.9924    0.9774  0.003413  0.001686 7.105e-05
   183/199      3.1G  0.007485  0.004601 9.679e-05   0.01218        23       640    0.9899    0.9884    0.9923    0.9767  0.003403  0.001796 6.838e-05
   184/199      3.1G  0.006845  0.004428 9.548e-05   0.01137        21       640      0.99    0.9933    0.9924    0.9775  0.003351  0.001774 6.671e-05
   185/199      3.1G  0.007316  0.004532 8.913e-05   0.01194        21       640      0.99    0.9928    0.9925    0.9768  0.003369  0.001717 6.406e-05
   186/199      3.1G  0.006789  0.004361 0.0001207   0.01127        18       640      0.99    0.9938    0.9926    0.9751  0.003409  0.001735 7.185e-05
   187/199      3.1G   0.00713  0.004502 0.0001068   0.01174        29       640    0.9885    0.9949    0.9927    0.9798  0.003285  0.001632  7.39e-05
   188/199      3.1G   0.00716  0.004683 0.0001101   0.01195        23       640      0.99     0.994    0.9925      0.98  0.003284  0.001599 7.093e-05
   189/199      3.1G  0.006916  0.004684 9.347e-05   0.01169        29       640      0.99    0.9949    0.9925    0.9783  0.003302  0.001649 6.283e-05
   190/199      3.1G   0.00687  0.004428 8.916e-05   0.01139        29       640     0.992    0.9899    0.9927    0.9774  0.003355   0.00174 6.378e-05
   191/199      3.1G  0.006739  0.004363 9.175e-05   0.01119        21       640      0.99    0.9946    0.9927    0.9774  0.003338  0.001711 6.699e-05
   192/199      3.1G  0.007147  0.004568 0.0001038   0.01182        28       640      0.99    0.9946    0.9926    0.9776  0.003381  0.001689 6.778e-05
   193/199      3.1G   0.00688  0.004266 8.938e-05   0.01124        19       640      0.99    0.9941    0.9926    0.9784   0.00332  0.001726 6.264e-05
   194/199      3.1G  0.007183  0.004513  8.48e-05   0.01178        16       640    0.9881    0.9949    0.9926    0.9768  0.003279   0.00171 6.021e-05
   195/199      3.1G   0.00739  0.004538 8.542e-05   0.01201        28       640    0.9869    0.9949    0.9925    0.9778  0.003326  0.001651 6.179e-05
   196/199      3.1G  0.006961  0.004436 8.892e-05   0.01149        25       640     0.988    0.9949    0.9926    0.9781  0.003268  0.001648 6.241e-05
   197/199      3.1G  0.006944  0.004413 8.599e-05   0.01144        20       640    0.9912    0.9899    0.9925    0.9796  0.003304   0.00167 6.015e-05
   198/199      3.1G  0.007108  0.004432 8.546e-05   0.01163        28       640      0.99    0.9932    0.9926    0.9791  0.003367  0.001666 6.048e-05
   199/199      3.1G  0.007119  0.004276 9.065e-05   0.01149        27       640    0.9899    0.9929    0.9926    0.9799  0.003295  0.001652 6.488e-05
